317.17393
492.24447
485.22743
454.13447
394.22161000000006
485.19441000000006
488.22307
461.16927000000004
495.2151500000001
440.2608
444.16047000000003
475.14853
480.20808
425.19103000000007
453.25872000000004
417.18596
400.20703
431.18048000000005
479.1331
265.14263000000005
388.12390000000005
486.18967
483.3056700000001
495.3056700000001
326.15901
431.18048
450.16069000000005
459.1536
453.19719000000003
416.14779999999996
492.14923
440.21718999999996
414.19031
406.09808
460.17400999999995
491.23800000000006
313.13860999999997
425.27504
461.26381000000003
493.18426000000005
386.19138
450.25906000000003
497.2121599999999
494.1987700000001
344.1332
494.22776000000005
465.22234000000003
310.16409
335.09736000000004
449.22743
493.14536999999996
390.08453
440.23831999999993
353.10455
422.16239
386.19539999999995
337.05887
494.23497000000003
364.10528000000005
483.25538000000006
455.16521
458.17362
484.22814000000005
284.14844
477.30634
394.16748
462.20492
461.23081
483.19001000000003
330.16517000000005
483.22300999999993
417.14707
340.21105
433.20735
495.22301000000004
390.19031
476.21272
404.20597
473.23081
387.20525999999995
459.18999999999994
498.31656999999996
481.1921
468.15394000000003
315.14303
357.12843999999996
354.2267
451.16379000000006
459.23290999999995
446.19476000000003
336.19097999999997
348.12812
311.14811
415.20669
498.25504
435.12464000000006
316.10188999999997
470.28526999999997
456.21210999999994
494.16577
445.19951
428.14779
455.2492199999999
499.25030000000004
476.20532000000003
461.21304999999995
499.21389999999997
439.2906899999999
484.27577
459.2481500000001
468.16047000000003
488.21655
480.20810000000006
441.24883
488.2491
412.17466
499.24307000000005
368.12667
493.23970999999995
354.15393000000006
362.1954
422.11163
484.1917700000001
448.09001
374.12600999999995
444.19685999999996
498.17103
487.25768999999997
365.09017000000006
388.14166000000006
379.12019
413.16990999999996
481.07597
456.20808
470.28527
486.17104
374.18015
441.18595
478.11920999999995
499.27544000000006
462.19369000000006
499.29069000000004
469.21725
377.08277
425.22742000000005
458.23114
482.2964999999999
485.1757800000001
493.3263999999999
397.19613000000004
471.18663000000004
410.15499000000005
424.27979000000005
302.14126
210.13682
368.24234
491.15085000000005
381.12843999999996
374.10825
480.1968499999999
484.25802
447.25939999999997
436.23217
475.15593000000007
472.15539
489.20842999999996
496.19579000000004
488.27469999999994
242.13788999999997
465.18596
341.16990999999996
444.17573
451.2066900000001
432.16787000000005
361.14985
432.11285000000004
401.13691
319.10244
360.17974000000004
434.10424
493.24374
346.14233
443.19509
495.24816
495.14238
418.13447
345.16885
451.2430700000001
337.12086
370.16008
456.21209999999996
430.19984
498.22989
424.20702000000006
487.27946
481.23973000000007
229.14263999999997
403.17032
304.08415
385.175
441.2045800000001
479.25324
462.17504999999994
494.21651999999995
255.12189999999998
434.16239
459.17877000000004
482.22775
469.27227000000005
426.25905
411.25939000000005
473.21217
488.2230800000001
358.11246
494.18735000000004
445.13797999999997
442.19984
496.20298
482.28527
451.21793
458.21651999999995
463.29069000000004
293.16002000000003
418.22161
489.16419
326.12262
455.1587
457.27227000000005
342.16515999999996
356.20596
450.20492
440.20195
485.21350000000007
470.21251
308.12329
400.19579
459.21515
452.18419
452.20194
458.13971999999995
486.23391000000004
484.1892700000001
374.19539999999995
491.23146999999994
430.16344000000004
482.2852700000001
368.14443
483.24415
457.12022
482.19474
442.22882000000004
472.17401
390.15391999999997
444.1791
416.22056999999995
338.15901
426.22267999999997
496.25464
372.18312000000003
471.17134999999996
388.14165
342.19030999999995
426.27029000000005
437.08615000000003
375.14303
456.25571
331.16443000000004
492.1097
479.2128399999999
344.11544000000004
487.15504
480.23323000000005
405.11406999999997
483.24413000000004
429.25873
358.16747
457.1921
470.21990000000005
492.19687000000005
481.16313
350.20663
392.22843
477.20120999999995
458.21653000000003
333.13585
273.11471
469.21726000000007
483.17876
420.17572000000007
387.15426
495.1965100000001
450.2226800000001
369.20122000000003
326.19539999999995
487.20668
456.24447
453.21582
489.2045800000001
413.22741999999994
492.2332400000001
364.18589999999995
455.21686
367.22194
453.26996
450.19751999999994
420.0951
288.08923
371.2281
497.10728000000006
471.19402
464.10356
445.20735
483.15361999999993
486.17103000000003
463.19145000000003
460.17402
458.21250999999995
389.16992000000005
479.2743700000001
439.27945
435.28454
453.19718
273.13247
495.28454
493.14874999999995
431.16610000000003
227.12698999999998
484.27578000000005
313.17499999999995
470.26013000000006
484.19176999999996
497.2234
323.13822
469.13796
485.22340999999994
412.25464
455.18385
393.17606
289.14263
493.22849
474.17103000000003
229.10625
392.15182000000004
442.26136999999994
465.19719000000003
429.16483
415.13390999999996
450.08790999999997
430.16346
424.17467
229.10626000000002
234.10044
491.12568999999996
387.15765
439.23318
496.20300000000003
497.25978000000003
461.26381
401.19104000000004
496.24341000000004
410.10825
494.26012
171.06438
493.23249999999996
441.20523000000003
497.28493000000003
329.17731000000003
470.18733
471.26928999999996
364.13828
427.24307000000005
479.21686
400.17064
374.12601000000006
445.18087
485.27842
486.21865
460.23218
339.19064000000003
427.18152999999995
447.22302
246.06743
407.22809000000007
423.0705
403.15255
378.13617999999997
457.23250999999993
488.16892
482.18735000000004
414.24783
489.18933
365.1699100000001
424.19579
471.22703
315.12528000000003
460.26856000000004
456.26963
403.22195
475.16781000000003
380.11545
444.16449
486.18966
474.15326999999996
456.19686
359.18449999999996
467.3219899999999
342.13617999999997
443.238
344.13318999999996
373.17837999999995
303.14304
275.09398
499.23904000000005
366.16517
326.20663
471.16101000000003
442.21759
445.21074000000004
409.25498000000005
495.22638000000006
413.23866
486.24381000000005
474.11778000000004
490.16683
367.18556
444.23325
452.1222000000001
423.14641
455.22405999999995
485.18703000000005
422.23177999999996
388.21104
435.24815
428.15432000000004
493.14787000000007
453.23357
458.20598
220.08479
459.25939000000005
476.19071
447.21177
484.23939000000007
328.13827000000003
443.23798999999997
488.2747099999999
198.10044
444.24064000000004
493.21073
416.11793
499.27946
466.19244000000003
479.21284
450.15731000000005
477.17158000000006
405.2012000000001
101.04768
448.16029000000003
496.20300999999995
459.19001000000003
356.1808
425.19507
479.18769
472.24679000000003
449.10389
491.18385000000006
457.23589000000004
430.23284
489.18933000000004
452.3110899999999
474.18967
445.21074
449.24988999999994
472.23939
460.2104
450.15729999999996
485.25979
380.15968
447.15764
494.21653000000003
398.14374999999995
490.22883
496.21040000000005
358.17871
485.18702
471.25939000000005
462.13554
451.18152999999995
345.11069
403.18557
404.16958
454.17871
408.21211
295.18958
443.2016
489.18193
316.15691
476.13254
488.18417999999997
498.24381000000005
482.3328899999999
498.2438000000001
479.12972
486.20492
469.26889000000006
333.06307
498.19369
474.21144000000004
447.17877
390.22668999999996
299.16337
359.22087999999997
468.17909999999995
385.19611999999995
490.25397000000004
455.28561
443.24271
452.2171900000001
493.15998
477.2376
490.18458000000004
439.18152
450.17506
417.14707999999996
486.15731
408.09598000000005
446.1293800000001
479.15085000000005
496.23938
478.25798999999995
396.27364
456.222
499.2940699999999
420.21211000000005
481.22196999999994
466.16345
437.13691
469.24712
363.17942000000005
438.15731000000005
476.1867000000001
495.28050999999994
442.20634999999993
446.22775
355.09504000000004
459.14238000000006
474.22267
388.13828
372.13935000000004
488.23830999999996
325.23653
499.20669
387.13651000000004
406.16747
475.17031
495.25538000000006
408.15797
346.16748
474.18629
487.1703
265.11748
372.16450000000003
489.20709000000005
488.22307000000006
429.22235
474.20492
489.24883
399.22301000000004
389.15467
475.18492
484.24679000000003
443.18385000000006
482.23114
497.22339999999997
354.22668999999996
494.10760999999997
402.17506000000003
467.21686
484.23937
492.20426000000003
461.21218
326.23177999999996
444.12497
466.19245000000006
487.19143
469.2284900000001
483.21515000000005
454.16345
337.10963000000004
444.20425
379.19679999999994
380.11544000000004
315.11789
199.13207
491.14997000000005
455.19170999999994
490.21758000000005
278.1089
457.12021000000004
430.16997000000003
498.2550299999999
415.18557
452.27471
211.09568000000002
384.16449000000006
268.11714
435.18663
382.19646
457.26488000000006
468.24848999999995
358.20385999999996
476.21318
449.19104000000004
463.21792
337.17499999999995
317.1198
342.19031
416.17295
493.18512999999996
478.13045
473.2234
426.28421
471.28454
447.19653000000005
459.23291000000006
474.15979999999996
467.14747
389.13691
447.14239
461.1879
460.18526
387.15764
431.12883
397.14198999999996
457.19613000000004
444.27364
458.24888999999996
494.23498
393.17605000000003
381.20120999999995
427.18154
499.2464500000001
474.18966000000006
470.22375
462.2266900000001
362.17024000000004
284.12732
463.2543099999999
447.22300000000007
476.21317
494.29651
470.12939
497.30018999999993
443.21686
450.27028999999993
420.20087
419.14095
474.2009
319.1202
483.22639
297.08956
429.23758999999995
450.19369
375.13901000000004
430.2176
376.13828
310.16409999999996
463.18894
474.16854000000006
405.17605000000003
477.23758999999995
433.19613000000004
400.20703000000003
403.11616999999995
448.17804
440.2383300000001
469.23972
386.19138000000004
452.28594
327.2158
414.2114399999999
476.20194
358.16747999999995
422.19539
445.24374
381.16885
419.12972
472.20701999999994
479.31075
442.29035999999996
484.17804
490.19244000000003
489.17158000000006
498.32781
365.14477
382.16008000000005
499.2642
246.13682
425.1659
489.26995
478.24005999999997
201.07496
447.21516
393.20121000000006
481.22848
485.16926
460.13764000000003
426.16854000000006
198.13682
464.20194000000004
452.18080999999995
455.2379900000001
496.26454000000007
499.18489999999997
493.2397199999999
259.13545
486.1961799999999
457.26487000000003
424.18926999999996
317.1223
413.16587999999996
454.26137000000006
397.17499
431.22024
362.10825
300.12224
345.17223
399.21178
493.2284900000001
361.10561
444.16048
399.18663000000004
456.24848999999995
477.17159
330.13617
470.18015
386.126
318.13618
443.19573
418.16747
339.15426
478.20636
482.2601200000001
432.1865
473.2638099999999
483.22299999999996
426.1573000000001
491.22808999999995
463.11955
359.16272
451.15256
345.14707999999996
259.09906
489.13518999999997
453.18595
436.17064
447.10598999999996
495.2263899999999
477.13519999999994
499.25029
499.19143
410.21652000000006
485.1766600000001
359.12633999999997
392.08243
497.29617
474.23389999999995
481.23251000000005
404.11794000000003
497.23866
309.13246000000004
398.23900000000003
477.18595
262.08098
415.20669999999996
463.11954
460.17403
487.22783000000004
413.19104000000004
479.23933
208.09602
463.2067
428.14779999999996
387.16888
480.2808600000001
465.30634
460.19917000000004
490.19244
431.16273
477.25872000000004
452.20194000000004
390.15731000000005
488.20531
413.24267999999995
496.23939
470.16239
474.15328
435.17539000000005
424.17064
437.23866
468.19818999999995
419.16523000000007
454.15223000000003
484.2757700000001
474.22266
428.22709
488.18016
471.31690999999995
441.19716999999997
473.24204
478.22880999999995
390.21278000000007
480.20088000000004
414.14989999999995
424.14166000000006
471.19652
462.13552
481.21073
480.28085999999996
360.12811000000005
443.16522
482.26414
199.09569
456.19684
329.12229
455.16925
486.17101999999994
483.31691
486.24381
477.20121
454.21758
489.20459000000005
477.16821
451.18154000000004
408.17974000000004
485.19442000000004
463.19232
348.17975
425.19102999999996
468.24448
332.13320000000004
429.20458999999994
479.18386
350.07187000000005
417.20459
455.21283
402.13214999999997
497.2961700000001
478.29035
474.24381000000005
438.2266900000001
439.31584
446.19476
343.14918
453.23356
496.21442
388.17804
485.22741999999994
489.15293999999994
495.21177000000006
486.18226
344.16306
472.20300000000003
453.23758999999995
368.20596
405.16484
477.23357
376.17466
410.18014
457.22848999999997
449.26113
454.25396
495.2441299999999
374.20663
454.26519999999994
480.26961000000006
410.21651999999995
231.06777
396.17571999999996
321.04532
485.24854999999997
465.2335700000001
477.13520000000005
480.14924
492.19685000000004
286.16409999999996
350.17025
499.27544
419.12971
449.22742999999997
476.18669000000006
497.25979000000007
486.28018999999995
488.22056999999995
426.22266
456.24448000000007
404.15433
492.1461
369.16482
474.26244
398.15500000000003
430.17085
475.14852
457.20015
435.17539
387.1754
327.10013000000004
462.19752000000005
497.3073999999999
407.20294
454.2288300000001
485.20228000000003
491.15084
397.26888999999994
298.12772
421.14537
384.12159
314.15900999999997
386.14374999999995
476.17679000000004
484.27576999999997
463.25430000000006
368.16958000000005
399.13989000000004
99.06841
472.25464
499.21792000000005
459.22300000000007
352.21104
451.24307000000005
483.2329
453.20459000000005
460.15288
411.13248
418.12706000000003
467.11447000000004
490.20321
461.19442
474.17842999999993
362.17025
419.25325
424.20701999999994
396.17573000000004
495.21516
300.1546
488.25293999999997
441.20842
415.21141
276.14739
491.28559999999993
480.09196
485.2638099999999
341.18115
448.23218
468.26962000000003
376.12303
461.17579000000006
439.18893
464.24956
412.18589999999995
450.22266
465.2012
412.24743
489.24434999999994
412.23217
494.18352
362.14377
457.19209
330.15393
382.18521999999996
468.28085999999996
388.21105
376.12053000000003
442.19645
379.15658
480.19685000000004
456.25838999999996
466.22160999999994
432.18696
383.21686
483.20775
485.22342000000003
428.18080999999995
499.20268000000004
488.20532000000003
472.19176000000004
479.20162
489.20842
491.23799
482.20599000000004
455.28559999999993
499.23904999999996
454.32674
441.2587199999999
446.23177999999996
420.16788
429.16821000000004
473.16928
497.27842
380.19205000000005
410.19136000000003
488.23832000000004
496.30091000000004
415.18894000000006
429.16082
432.20088000000004
499.1914300000001
413.17329000000007
481.19612
484.22813999999994
406.19647000000003
497.26717999999994
414.16515
464.21316
467.25324
471.16013000000004
490.24274
348.0926
373.15974
485.18703
497.28494
334.07696
486.17192000000006
437.30018999999993
415.22532
420.17975
356.18483
481.21725000000004
466.27644
307.16443
491.20160000000004
492.17125
342.12876
365.1223
480.11711
363.16166
499.20268
259.1103
499.28667
462.17192
488.18017
488.24955
458.24236999999994
388.19579999999996
400.22228000000007
479.19509
348.11036
309.1437
471.18662
425.26379999999995
456.23325
469.18086000000005
256.18992
421.25498000000005
494.33289
358.16409
413.20228
250.07760000000002
445.19613000000004
431.16523000000007
420.16449000000006
490.25397
457.21726000000007
474.13553
435.25938999999994
344.16958
456.20425
495.10688000000005
373.16714
493.20331999999996
309.02757
445.2325000000001
440.14779999999996
354.16918
425.17328
480.1865
395.25324
461.27504
215.09061
455.23146999999994
291.12191
499.28666999999996
458.20599
477.17071000000004
332.11544
399.17537999999996
403.16379
392.10019000000005
420.14674
485.22339999999997
485.25979000000007
489.17158
186.06405
492.29209000000003
464.15432
343.1128
434.18014
474.1797700000001
482.21653000000003
342.15392999999995
357.20121
365.17393000000004
464.20934
486.24380999999994
356.21720000000005
495.24412000000007
327.15427
451.20668
462.17191
430.18121
496.2281499999999
485.2234
355.23317999999995
494.22776
451.10179000000005
339.11788
458.20214999999996
495.20775000000003
442.1812100000001
432.17571
453.17943
394.16008
468.13149000000004
478.22883
481.26487
413.2063
296.14844
430.18521999999996
342.13617
384.20088000000004
426.29544
482.22776
393.2012
482.20597999999995
354.23793
495.21178000000003
437.18115
330.19032
413.20227
484.21040000000005
289.0885
487.15593000000007
398.14375000000007
494.16489
272.11206
478.22161
464.19071
418.13359
495.16102
490.25396
480.2696200000001
445.18088000000006
437.22742000000005
412.25464999999997
446.16621999999995
457.15570999999994
315.17942
457.18085999999994
495.17878
476.23832999999996
488.16893000000005
498.20876000000004
460.18187
439.18894
471.21899
168.08987000000002
291.0889
483.28050999999994
446.21651999999995
452.16554999999994
436.15691000000004
383.18048000000005
304.08414
426.24515
468.09936000000005
466.22882999999996
492.19685
490.21759999999995
330.17256
301.12738
412.21442
475.15505
489.20458999999994
432.1791
467.14748000000003
478.2652099999999
332.11545
488.2053199999999
416.15432000000004
385.14198999999996
299.12296
477.18596
346.13109
465.20120999999995
311.10521
484.26453
255.12190000000004
451.31584
492.22200999999995
228.08585
231.08552000000003
442.18860000000006
460.10776
452.1907
457.24712
400.17063
414.17256
427.18893
332.18483
446.08648000000005
445.19211000000007
412.21825
462.18628
471.28053000000006
494.18352000000004
484.17804000000007
487.22131
415.1703
411.19064000000003
416.19071
321.11471
498.28019000000006
470.24890000000005
315.11787
490.20634999999993
424.1594
465.20842000000005
449.11915
301.14601000000005
474.22605000000004
414.1573000000001
494.18733999999995
390.13955999999996
495.26929
454.25397999999996
471.21898
285.13247
202.09536
446.15837
383.22808999999995
369.08171000000004
351.15426
487.2287
289.091
497.22741999999994
451.18894
490.19197999999994
498.17506
362.11949
488.26347
390.15079000000003
457.15569999999997
461.20628999999997
400.17804000000007
458.19137
391.18958
358.13109000000003
476.18755999999996
408.17975
457.26488
498.28018
300.10697999999996
439.20669
373.19613
264.11101
388.12302
417.18597
491.22023000000013
496.18525
499.24645
479.18768
472.21041
463.17031
458.20597999999995
410.25291000000004
472.22815
412.18589
496.14503
477.23358
481.30126000000007
480.26960999999994
495.16101000000003
454.21759
493.21726000000007
362.15901
328.15691000000004
366.15391999999997
453.26995999999997
484.24678000000006
287.12699
491.12568
437.19103000000007
489.25872000000004
443.25662
377.19507
399.21177
378.15394000000003
489.24348000000003
473.13938999999993
487.15504000000004
424.26856
437.1369
497.25978999999995
474.17505000000006
458.19473999999997
398.21653000000003
400.24341
444.22201
419.11108
385.15972999999997
317.08591
470.21250000000003
491.13221
455.27438
490.17807
413.17328
327.22703
479.27437
429.18595
371.18048000000005
438.3205899999999
340.13828
491.18385
403.11617
420.13149000000004
470.26012
417.23758999999995
444.24064
383.25324
410.17025
429.14957
456.1717
488.21655000000004
474.16068000000007
331.15658
449.10389999999995
430.21759000000003
378.16516
443.17644
495.26928
342.18042
331.09503
451.21792
447.17224999999996
480.20087
482.22374
185.08003
360.15798
454.3015899999999
272.14844999999997
368.15182000000004
390.13955
487.21007000000003
458.25629000000004
456.17571999999996
471.24415000000005
456.17909999999995
412.21826
438.22268
194.08037
491.27437
477.29510000000005
368.20596000000006
287.11172999999997
415.20016999999996
372.17573
369.2012
467.24923
498.18966000000006
432.16048000000006
348.14336000000003
418.15222
436.20703000000003
437.23866000000004
496.32339
340.24743
460.20702000000006
496.16279000000003
446.25291000000004
481.33763999999996
499.21792999999997
455.22408
405.13183000000004
423.24816
414.1863
462.17105000000004
492.28085999999996
335.15935
446.19475
487.22782000000007
302.10488
483.25538
482.2488900000001
439.18155
454.18120999999996
446.19137
438.17507
363.15426
444.20088000000004
394.1674700000001
486.28421
423.07049
437.19104000000004
341.16992
429.1608
438.2267
379.18556
456.24448
428.1808
429.18595000000005
469.17435000000006
397.175
413.23866000000004
454.19645
405.16821000000004
478.1812
393.1536
327.19064
471.13586
433.20737
391.12357
470.23114
495.30566999999996
466.15222000000006
485.29617
479.238
370.23284
493.26486
450.19753000000003
477.17157999999995
489.2192
481.11236
269.17393000000004
204.05687
437.08614
427.25431000000003
215.09061000000003
416.14779
389.23145
473.23080000000004
451.15256000000005
430.14482
485.22341
499.27543000000003
487.26420999999993
436.07225999999997
479.22023
499.28283
473.16927999999996
322.13894
243.13314000000003
438.16516
458.21252000000004
468.24447000000004
393.11721
199.09568
443.27438
468.21549
446.17613000000006
492.23726
291.07114
313.13862
458.15837000000005
186.07931
484.22816000000006
430.11582999999996
463.22532
394.14232000000004
453.24097000000006
377.10792000000004
458.17613
425.16589000000005
462.17976999999996
204.08987
398.19137
337.175
247.06268
475.24308
443.18385
487.18489999999997
433.18174999999997
404.19072
463.10179000000005
467.23798
444.23325000000006
499.20264999999995
460.1740199999999
473.2420400000001
434.21001
470.2601199999999
442.16346
478.23622
452.33624
479.18767
467.21283999999997
496.1553799999999
488.1503
411.27063
435.22300999999993
444.17571999999996
472.23217
484.20298999999994
369.23758999999995
440.16958
472.20700999999997
174.0463
385.17837
487.22130000000004
115.02694
281.17393000000004
359.13286
394.16007
499.2906899999999
469.23251000000005
487.25429999999994
218.10552
470.22371999999996
490.21760000000006
389.12567
498.22267
477.20457999999996
294.10382000000004
489.18934
456.30600999999996
449.20227
446.22776
471.2441400000001
445.17837
464.11479
466.23285000000004
469.27609999999993
485.25980000000004
497.2485500000001
468.22334
436.10865
475.13728999999995
493.17837
499.27543
416.21720000000005
448.18188000000004
452.20596
420.19097999999997
256.15354
435.1754
330.14741
460.19177
432.14272
421.14851
458.19476
443.21285
372.15862
496.18525999999997
415.18894
227.12699
315.16166
432.18563
483.29175999999995
487.20266000000004
493.21074
478.16345
482.17612
439.29069000000004
416.15520000000004
458.14713000000006
373.20015
433.23251
433.14536
482.18014
468.17910000000006
476.26347999999996
448.27978999999993
427.25429999999994
476.24955
454.1812
395.21686
496.20702000000006
459.17137
492.21548999999993
458.22375000000005
393.17607
397.24375
439.21791999999994
428.23832000000004
459.21515000000005
499.2642000000001
381.13585
381.2012
278.09027000000003
455.16522
467.19509000000005
411.25938999999994
496.22164
441.14957000000004
469.25363000000004
492.16787000000005
411.22301
346.16409999999996
429.14955999999995
401.1369
471.23290000000003
388.11649
483.32813999999996
473.16925
493.16650000000004
454.18523
489.13431
358.14884
343.11278
498.15328
454.23284
438.22267
414.16516
431.18386
448.1264
447.24815
396.15797
356.15183
495.1713699999999
307.18958
273.11134
426.22267000000005
495.22637999999995
419.12971000000005
461.22742999999997
366.04903
498.21867000000003
156.10111
449.23866000000004
460.20701999999994
416.2271
424.21442
498.22605
463.16717
490.2396
485.18699999999995
384.17572
480.2081
451.29069000000004
485.26379999999995
462.22266
480.24848999999995
475.18894
485.20966999999996
497.22341000000006
474.15328999999997
376.12391
483.26277000000005
330.11755
458.16488000000004
345.1107
433.19612
387.16886999999997
357.12843
425.20628999999997
231.06776
431.22024000000005
349.07662000000005
489.20057
255.15828
377.17731000000003
477.17158
495.17137
494.12536000000006
441.1682
397.17499999999995
440.22709
387.19402
441.19717999999995
422.19137
474.23344999999995
387.12776999999994
312.21613
476.24572
457.18087
462.21144
471.21177000000006
490.2176
425.15868
377.12229
494.2125
433.17436000000004
427.17030000000005
302.12264000000005
401.18453
448.21104
494.1873499999999
491.32199
391.13480000000004
490.16596000000004
499.20266999999996
403.17032000000006
452.24956
428.20934
457.25364
471.21177
390.15393
417.20120999999995
463.15593000000007
493.27611
457.20736
425.20227
466.19984
498.2914200000001
486.20154
250.14297
488.22308000000004
487.16629
490.21759000000003
418.11583
493.13011
486.18967000000004
451.21791999999994
354.11103
301.14263
270.1328
498.21864999999997
474.23391
467.22023
393.21244
330.13617999999997
499.23906000000005
474.21866000000006
477.22233000000006
338.1954
347.11511
499.21793
463.15594
374.15902
474.1598
494.20214999999996
471.18661999999995
373.12336
493.20335
387.139
358.11245
113.08406
488.20934000000005
397.14601000000005
481.16312
371.17058
461.17329000000007
412.15289
456.23726
413.20628999999997
300.10697
491.31075
468.222
401.15465
463.15593
429.21245
405.16481999999996
496.3373
408.23726
327.19065
441.19717
498.2914099999999
443.16272000000004
422.17362
459.17539
445.14448999999996
398.20259999999996
406.08033
392.16959
442.1812
468.11373000000003
431.2016100000001
316.13829
318.11755000000005
460.17401
456.19685000000004
481.18174999999997
293.17393000000004
319.15319999999997
442.21759000000003
469.19211000000007
489.18595
497.18701
465.18597000000005
457.21725000000004
404.13657
498.2083
329.13354
461.21218000000005
398.20261
483.20124000000004
314.10487
470.20597999999995
384.18694999999997
445.14536
341.17731000000003
491.27438
459.21515999999997
451.23317999999995
407.15148999999997
404.17296000000005
493.19210000000004
479.18769999999995
421.15975000000003
281.13755000000003
458.28528
382.25798999999995
474.28421000000003
476.31109000000004
413.17328999999995
386.21001
438.25906
490.2023500000001
438.15731
477.22234000000003
459.22639
461.22741999999994
486.24379999999996
464.17295
397.24374
490.22881000000007
495.28051000000005
403.15256000000005
346.16409
412.14165
442.22499000000005
299.13036
426.18629000000004
391.11617
421.10899
382.18523000000005
256.15353
457.2284900000001
370.22161000000006
489.16418
364.12053000000003
440.24234
460.22816000000006
476.15117
478.16683000000006
488.24234
212.15247
395.15533
490.18120999999996
394.20770000000005
286.12771
459.16102
287.11173
379.16040999999996
446.1987700000001
402.10228
486.2226800000001
474.18967000000004
489.23357000000004
451.19678999999996
457.16715000000005
486.21144
314.17427
457.27226999999993
459.21516
469.20735
491.22362
383.14812
434.18015
372.13933000000003
433.19951000000003
260.08308
452.15183
345.14707
381.20121000000006
285.14772
475.14854
248.11608999999999
495.21899
485.30019000000004
398.17025
362.1953900000001
470.15837
314.13788999999997
483.12464
491.24923
319.11681
492.22201
476.20195
458.19138
347.1845
474.24783
384.17573000000004
456.30601
431.14745999999997
494.21991
428.13005
486.20741000000004
483.23290000000003
458.26752
433.16312000000005
385.17098
495.34205
353.16992000000005
478.16346
444.18562
362.12601
458.17611
486.22266
430.22499000000005
476.27470999999997
447.14239000000003
462.15329
445.1995
486.13553
494.22374
256.11716
440.17295
299.12297
466.18521999999996
456.17911000000004
479.14747
446.1954
421.26888999999994
328.12052
457.21726
415.15256
270.16918
416.11792999999994
462.1863
465.09881
390.16918
477.21582
394.22161
451.24307
479.22808999999995
428.16555999999997
432.2485
481.29002
419.19171000000006
370.16009
371.18048
474.17104000000006
422.126
427.17031
388.16075
475.11954000000003
467.27437
468.24447
466.25398000000007
467.09671000000003
458.21990000000005
474.23729
460.27979000000005
498.26627
372.18313
342.20155
493.23589
485.20226
480.26962000000003
455.23798999999997
474.20091
277.10626
442.16344000000004
483.26929000000007
488.23833
450.21145
493.26888999999994
421.18623
494.16915000000006
186.06404999999998
481.25364
479.18386000000004
431.19573
325.1386
103.00919
464.17296000000005
419.18386000000004
400.12390000000005
487.17368000000005
432.17573000000004
461.23866000000004
328.21105
473.26719
381.18345999999997
460.18142
455.17646
439.21793
397.15972999999997
436.18926999999996
491.3107500000001
443.18047
407.19170999999994
314.12262
434.14847
391.19295999999997
484.26454
376.10527
473.15464999999995
472.2467899999999
473.16926
498.22990000000004
475.25429999999994
450.23389999999995
499.18492000000003
472.19177
375.21579999999994
480.23324
427.18152
475.1373
412.2434099999999
330.11754
455.23798
445.23589000000004
429.1682
477.24096999999995
375.12126
458.23899000000006
490.21444999999994
287.14160000000004
396.20088000000004
459.16013000000004
411.24815
450.17506000000003
475.22532
447.17877000000004
396.18312000000003
372.20088
479.16523
461.13689999999997
410.17362
359.13374
448.11987
201.07495
452.20193
474.13552000000004
458.13973
416.17296000000005
422.28928999999994
463.15506000000005
369.20120999999995
475.1736900000001
416.20934
476.16240999999997
477.28119000000004
476.15118
387.17539
340.15353
456.17172
437.26379999999995
401.16992
492.14609
442.18119999999993
472.26454
499.30058999999994
275.16337
474.18968
452.08581000000004
425.14813000000004
396.21211000000005
469.22850000000005
456.21211000000005
356.16306
496.20299
349.14601000000005
477.15045
475.18492000000003
478.1708500000001
452.24955
343.14919000000003
456.17910000000006
420.12899000000004
492.22334
449.15804
485.22742
478.25396
384.24848999999995
372.21951
431.12971000000005
498.21862999999996
424.17064000000005
434.19876999999997
439.20669000000004
375.17940999999996
491.1257
357.17607000000004
412.17064
381.11809000000005
422.20663
355.19679
485.22339000000005
491.28560000000004
456.16134999999997
470.19476000000003
392.16958
459.19786
459.19652
359.12635
299.15935
443.16522000000003
473.19104000000004
383.12634
428.24956000000003
471.1787700000001
340.13827
383.21685
428.24572
225.11134
473.1944199999999
459.25938999999994
470.21251000000007
428.18082
456.23323
460.2434099999999
465.2587200000001
471.20775000000003
429.22234000000003
430.18859999999995
242.1015
481.17435000000006
416.20195
445.16311999999994
401.20228000000003
388.15941000000004
449.17328
488.18669
494.26012000000003
499.23906
491.16521
459.19785
440.27471
417.11406
402.16853000000003
479.22407
468.19685000000004
386.1623900000001
456.20809
325.13862
434.16577000000007
478.22499
499.22129000000007
481.13012000000003
397.23251000000005
283.13207
455.27437000000003
459.16013999999996
343.22195
331.1532
359.12633
489.16417
441.17223
326.12262999999996
409.19612
257.10116
345.11721
444.21547999999996
451.13731000000007
318.0998
414.18629999999996
497.36893999999995
469.30126
354.19031000000007
480.09195
434.14714000000004
482.26013
339.15427
463.21793
492.16385
499.2390499999999
414.18629000000004
413.19102999999996
418.16747999999995
489.20796999999993
459.21178
494.32165
465.16821
398.18014000000005
441.26995999999997
459.20776
378.2266900000001
489.1893400000001
468.15012
385.14198
450.19369000000006
477.11744
486.20743000000004
457.2325000000001
429.21582
471.19651
422.19539999999995
456.14923
400.21104
444.17909
345.15493000000004
381.09946
417.13181
466.21758000000005
440.24955
446.17612
471.21515000000005
425.2638099999999
389.1699
269.17393
466.23622
459.18998999999997
488.2417
480.28086
475.19278
418.18521999999996
485.21351000000004
473.18701000000004
477.2335800000001
474.15327999999994
488.17633
392.11882
441.14955999999995
486.2438000000001
397.19612
406.13447
461.19105
366.20155
348.09261000000004
367.1202
417.11406999999997
442.25798999999995
458.23113
487.25431
468.21209999999996
490.21107000000006
469.1995
452.1768
454.19646
404.15182000000004
300.10698
485.29616999999996
331.09504
496.2757700000001
488.21317
418.19646000000006
384.23726000000005
374.126
454.27912000000003
465.18597
467.20160000000004
483.15360999999996
323.15935
434.21653000000003
455.26045999999997
482.32165
474.22605
440.16553999999996
471.26929
486.25505000000004
456.23322999999993
474.17104
409.17098
418.12707
459.28454
432.14273000000003
307.11682
483.24815
459.19000000000005
426.23007000000007
389.19105
421.14198999999996
452.13657000000006
366.12877
435.12464
494.2852700000001
418.16998
449.1039
367.19680000000005
496.30092
496.2434099999999
357.12844
414.19753000000003
484.24339999999995
463.17369
405.16483
491.16993
463.17031000000003
473.15803000000005
455.21284
423.18662
311.12297
484.12728000000004
441.26995
384.24850000000004
302.12263
241.17901999999998
385.23250999999993
490.20234000000005
460.19579000000004
488.20195
226.16812
468.23324
480.20808999999997
492.20024000000006
495.17135999999994
476.19542
470.18736
404.20596
473.17578
333.18008
434.17362
214.13173999999998
390.19030999999995
487.24307
497.25977
444.16046
370.19646
435.12463
455.15871
459.17877
470.29651
469.23972000000003
466.2175900000001
426.21144000000004
430.17469
384.18697000000003
484.27577999999994
428.16553999999996
386.21653000000003
450.25905
414.22668999999996
403.17031000000003
398.21651999999995
458.10423000000003
480.28085
473.1766600000001
486.22605000000004
490.16346
285.10731
384.21211000000005
361.16377
301.10625
473.17665999999997
466.22161000000006
405.20122
465.15382999999997
455.15871000000004
186.10044
458.19138000000004
409.23251
425.30018999999993
421.10898000000003
404.10017999999997
418.11582999999996
385.15973999999994
322.16409
490.22882000000004
489.26995999999997
499.21790999999996
494.22373
410.28928999999994
429.16079
457.22849
406.14884
440.22843
434.10423
440.26347
490.22097
184.08479
450.25906
434.18353
384.1467400000001
448.1958
461.12164
489.18596
450.19750999999997
488.1875600000001
497.29618000000005
427.17031000000003
416.19070999999997
347.07872
473.24856
458.2125
331.10244
446.1285
436.18188
383.22810000000004
474.23006999999996
475.2067
473.22742
493.19613
458.20126999999997
469.22848999999997
485.27103000000005
394.25799000000006
468.21211
441.20840999999996
410.28929000000005
251.10183999999998
480.20426
482.18353
156.08987
490.18119
475.21007000000003
369.16483000000005
470.22776
267.15828
415.17031
200.06195000000002
445.22850000000005
470.2753799999999
344.0968
415.24308
227.12698
384.21613
370.18521999999996
415.14918
400.1958
287.07534
430.15222000000006
493.23589000000004
455.2016
421.24374
398.22776
405.15045
245.08341000000001
496.2281500000001
383.14408000000003
498.21866
468.28086
442.23284
472.21691999999996
486.20155
439.24307000000005
322.20047999999997
479.2492199999999
481.22849
450.23391000000004
461.1402800000001
483.19001
485.15152
410.22776
483.3532899999999
357.14369
426.23389999999995
447.19001000000003
499.23903999999993
451.22194
472.17402
463.2906899999999
400.13424
477.25873
442.13358000000005
341.18113999999997
461.22743
459.24415000000005
454.16747
470.25291
486.28019
397.16377
458.17611999999997
476.18756999999994
459.12375
316.13829000000004
406.18523000000005
475.19144
422.17363
432.18312000000003
427.24307
460.26856
370.14884
395.14409
445.18086999999997
346.11246
371.1441
188.06195
386.15500000000003
400.22565999999995
301.10963000000004
461.20566
441.14305
491.24923000000007
440.23832
487.13078
429.16821
486.18629
428.2019399999999
433.19613
473.24856000000005
497.24856000000005
458.25291000000004
360.09260000000006
434.11075
388.1165
312.14336000000003
493.16311999999994
459.20776000000006
452.23831999999993
475.18893
378.20155
488.15117
380.14441999999997
479.24923
417.20459000000005
289.10963
429.20120999999995
462.17506000000003
490.26136999999994
457.1995
462.14205000000004
475.17368000000005
448.15626999999995
496.3372999999999
327.17940999999996
491.18723
429.16482999999994
494.18736
477.14643
464.23831999999993
200.0797
487.2906899999999
446.18352000000004
433.14198999999996
489.18194000000005
417.13181999999995
454.29035
478.30159000000003
490.22882
386.19539
373.15322
314.13788
358.19647000000003
377.08276
462.19030999999995
492.28085
499.22532
424.20703000000003
358.12771
493.16312000000005
343.14917
498.21863999999994
481.2284900000001
352.14952
466.13785000000007
433.24374
275.05759
484.20701999999994
460.20700999999997
416.24234
341.11578000000003
472.19176999999996
389.15868
422.21652000000006
435.16102
430.14883999999995
471.23291000000006
485.20228
481.19210000000004
360.16450000000003
250.09536000000003
386.15498
457.23587999999995
492.18248000000006
310.13174000000004
492.30600000000004
472.2104
422.1624
440.23830999999996
495.14577
441.22232999999994
493.32640000000004
343.18958
498.22604
342.15391999999997
404.21718999999996
380.16957
401.17328999999995
447.22300999999993
483.24413
442.24273999999997
478.16997
413.26381000000003
484.22163
498.24379
483.24816
471.21515
490.13696000000004
463.20669999999996
485.23464
406.17871
468.3059999999999
445.16312000000005
468.3423899999999
494.12537000000003
446.19138
454.30159000000003
261.07833
406.14885
380.14442999999994
305.14878
488.25946000000005
472.19175999999993
481.19210999999996
384.16449
493.20332999999994
394.14885000000004
359.16273
481.30125
397.19612000000006
477.1682
498.18967
357.20523000000003
369.21245
412.21104
322.13895
411.13248999999996
441.23758999999995
498.22668999999996
395.1845
470.27136
492.19034000000005
471.17136999999997
478.17422999999997
475.19144000000006
406.18523
483.30567
480.15350000000007
474.25906
271.12805000000003
499.23904
465.22233000000006
447.17538
406.16007
463.20016999999996
455.18385000000006
472.19178
498.29143
424.24341000000004
424.12390000000005
479.2604600000001
490.16997
428.21719999999993
416.16957
485.29618000000005
480.25186999999994
453.20457999999996
472.2434099999999
427.20669
491.20161
474.1863
399.17538
415.22195
448.15626
445.19951000000003
464.27471
432.15012
292.10591999999997
484.22814999999997
461.22742
307.16443000000004
343.18556
493.18087
410.19138000000004
447.17539
499.22782000000007
473.17667000000006
299.14812
466.26519999999994
460.19713
444.21548999999993
480.31723999999997
241.10625
487.21007
496.34853999999996
499.24307
380.18483000000003
478.13044
424.21826
472.19178000000005
468.2332400000001
402.20154
447.17539999999997
453.19717
430.18861000000004
494.10761
487.19142999999997
423.18663000000004
401.17328
499.16715999999997
380.18080999999995
331.10156
416.16557000000006
499.31182
357.17606
415.23655999999994
375.1655
493.22197000000006
468.18312000000003
466.18861000000004
478.26521
453.30634
488.16893
473.23865
315.1219
355.13793999999996
257.10117
405.16482
497.16927
344.13320000000004
438.18629
437.26381000000003
477.22235
428.15432
444.17573000000004
421.23251000000005
445.18220999999994
347.18449999999996
466.32674
487.22194
408.11374
484.20302000000004
464.22439999999995
415.20018000000005
373.15323
493.18088
463.21792000000005
379.18555000000003
303.12528
480.20808000000005
452.17296
424.15942
499.20266000000004
445.17434999999995
268.0994
384.17571999999996
353.20628999999997
454.26520000000005
448.23217999999997
429.18008
428.23832
356.14444000000003
482.35803999999996
367.16781000000003
464.24955
485.23865
329.13353
377.12701000000004
433.12674000000004
458.25290999999993
395.18047000000007
371.15934
273.09608000000003
456.23323000000005
456.20087
470.28528
370.23285
452.17296000000005
484.20301
354.11102
407.18788
459.19651999999996
449.12165000000005
461.24267999999995
438.23007000000007
498.16069000000005
371.10859000000005
463.20668
460.13763
375.15426
443.24923
445.18961
385.19612
343.18557000000004
499.19231
456.19685
470.26013
327.10663999999997
231.10415
459.24816000000004
497.21216000000004
405.15359
360.11036
429.18594999999993
300.14336
487.23906000000005
432.24848999999995
430.14483
488.18419
356.16958000000005
484.2645299999999
386.19876999999997
443.18386000000004
465.11744
397.28013
271.11682
174.06406
495.25536
499.20266
494.25291000000004
341.1699
495.22300000000007
483.2805199999999
460.18525
409.13076
482.12937999999997
378.10317000000003
390.10317000000003
407.21685
490.20322
352.1746600000001
456.24447000000004
491.16522
403.11616
484.13762999999994
286.09132999999997
438.13955
484.25061999999997
242.10148999999998
463.18154000000004
338.13386
482.28528000000006
386.18015
347.13374
406.13446999999996
470.22374
352.22228
484.21038999999996
286.1641
464.27470000000005
411.22703
463.13730000000004
361.14939000000004
474.22605999999996
484.25329999999997
491.13309000000004
481.23972000000003
466.26520000000005
492.2332300000001
392.20596
458.22776
497.2308000000001
470.23765000000003
344.18082000000004
356.2172
494.2601200000001
430.1708500000001
436.19579999999996
373.14198999999996
445.21475999999996
332.11544000000004
405.20121
323.09398
491.1950800000001
495.23762
428.22709000000003
497.26379999999995
492.17909
461.23866
409.20015
442.26137000000006
361.20015
434.19539999999995
478.18523
496.21105
459.21177
472.21038999999996
357.20122000000003
482.2125000000001
473.30018999999993
353.24267999999995
369.11069
460.16278
462.18629000000004
461.19104000000004
481.2648700000001
485.22341000000006
425.22742
200.11608999999999
470.24888
490.2539700000001
261.11134
487.18492
427.18556
430.20636
498.25501999999994
385.15973
487.23906
472.21826
403.13393
449.20966999999996
344.15182
389.1369
407.19169999999997
425.19103999999993
400.17064000000005
483.25536999999997
472.21040000000005
372.11035000000004
452.19072
470.18737
416.16958
440.29985999999997
437.20228
490.16682000000003
447.14238
450.19032
431.20162000000005
215.12698999999998
379.16042000000004
326.19539
388.12302000000005
496.31215
328.15353
271.09906
261.11133
416.25357999999994
427.27946
470.22775
302.15902
410.07525000000004
451.21792000000005
410.1987700000001
489.20709
450.1243
467.12971000000005
400.23217999999997
447.106
441.15360000000004
446.12199
419.14748000000003
361.10560000000004
436.17467
441.19719999999995
243.08550999999997
459.25154000000003
454.25799000000006
355.13143
496.20301000000006
397.23250999999993
441.1972
477.21244
408.11374000000006
428.19204
470.24888999999996
394.13109000000003
483.19651
402.19368999999995
373.23653
493.09371999999996
332.07905999999997
450.19368999999995
460.19178000000005
498.20742000000007
460.2178
345.12845000000004
461.15802999999994
295.12805
498.31657000000007
339.25217999999995
437.16588
487.24038999999993
415.17031000000003
416.14781
483.31690000000003
490.14570000000003
241.14263
491.2379900000001
445.17435
472.17402000000004
482.19876999999997
371.21686
455.2016100000001
472.30494
428.26348
422.22776
445.19612
426.24781999999993
457.25363999999996
481.19211
429.20459000000005
471.17136
342.2267
444.22334
436.1892700000001
427.22194
257.13755
482.29650000000004
436.24340000000007
401.15466000000004
442.19646
414.25906000000003
341.20628999999997
411.15763000000004
413.20226
390.20155000000005
402.12092
452.20596000000006
488.20193
499.2026599999999
372.12809999999996
360.19097999999997
459.17136000000005
455.22407
485.20227
453.29509999999993
479.2128200000001
465.22232999999994
429.2335800000001
451.18893
449.19104
363.14303
413.20966999999996
497.20565999999997
274.07358
431.18385
490.30159000000003
389.16990999999996
480.17910000000006
398.23898999999994
497.32132000000007
355.14918000000006
467.12972
479.20161
289.12739
480.21613
447.22301
475.15593
425.18452
473.20564
426.13215
489.18595999999997
479.19509000000005
468.23322999999993
319.16444
483.07387
284.15969
438.07016
476.15119000000004
446.14712999999995
459.17876
438.10655
496.1264
415.13391999999993
487.2655400000001
475.20669
442.26521
439.18154000000004
427.22916
491.2379800000001
442.25397999999996
391.09841
257.08341
444.1865
300.14337
481.1995000000001
414.21144000000004
470.19474
298.16409999999996
404.11882
431.18386000000004
475.2287
428.2171900000001
383.18048
471.20776
465.25872000000004
484.24677999999994
316.17467
401.19105
445.19950000000006
487.2100700000001
494.24888
471.19651999999996
484.10865
492.19687
382.26923
442.19646000000006
472.19176
491.13221000000004
349.16377
498.21145
438.23389999999995
360.14337
495.17877000000004
426.23391000000004
491.21686
336.15459999999996
285.13246
494.2488900000001
360.17975
416.18418999999994
493.23973
491.27437999999995
413.18452
458.19474
344.13319
403.18555000000003
370.16006
430.17467999999997
468.30600000000004
456.27702
446.23114000000004
468.1613500000001
458.24889
491.24922000000004
340.22227999999996
474.21482000000003
441.1859600000001
328.12053000000003
429.16081
486.18228
487.22916
448.11989
491.16994
334.11334
455.19169999999997
443.22024
368.12667999999996
440.13005
346.09471
196.12117
216.09325
462.22268
485.1944200000001
486.29143
486.23727999999994
298.12771000000004
477.16821000000004
475.2794500000001
448.16412
494.24888000000004
495.24414
464.21317
404.17296
428.27471
488.17544999999996
360.11035
454.14482000000004
163.06333
358.18523
468.21210999999994
432.16449
485.2420400000001
371.14409
491.19847000000004
496.3009200000001
491.23798999999997
310.17533000000003
277.10625
474.22606
402.17638999999997
434.19138000000004
406.11584000000005
441.23356
303.10665
430.16345
286.09132
295.1532
455.23147000000006
486.18225
475.19231
216.07461999999998
440.20193
400.1594
416.18417999999997
489.25872
446.19876999999997
484.19264999999996
472.20703000000003
402.1499
494.15837
411.17942
386.15900999999997
450.18629
437.27504
482.32165999999995
351.19065
414.22268
392.13319
404.18483000000003
431.16522000000003
499.25029000000006
230.1089
497.23865
470.26012000000003
361.13076
396.17573
369.2376
448.13763000000006
451.17032
459.19402
359.14409
486.19618
494.14712999999995
480.17169
487.24308
445.13795999999996
458.21250000000003
483.2441400000001
346.1311
468.24448000000007
485.19440999999995
470.29266999999993
384.23726
409.23251000000005
491.22023
495.25153
288.08922
497.3213199999999
454.19984
330.1328
331.13795
462.24783
497.18702
319.1532
478.26520000000005
463.13480000000004
458.28928999999994
442.19647
451.11955000000006
395.21685
499.25028000000003
426.22267
475.2100700000001
415.24307999999996
377.15868
473.24989000000005
281.1124
455.18047
430.21893
471.24414
457.24374
480.20809
443.22024000000005
172.0484
484.28701
454.18860000000006
440.28594
471.17224999999996
307.09906
361.09437
269.10116
464.17634000000004
470.19475
418.23284
385.19613
472.22816000000006
475.25431000000003
474.29544
481.20736
326.1954
448.20703
498.27028999999993
352.14951
408.14675
402.19369000000006
485.28494
425.23866
470.26414
458.17612
400.17466
217.05212
388.17467
285.16885
413.14093
453.29511
473.19442000000004
406.24408000000005
487.18490999999995
411.17538
393.17223
355.22194
438.19032
418.22161000000006
295.12805000000003
445.15973999999994
373.11212
458.21251
384.18696
445.18088
471.17138
378.15393
357.14369999999997
372.16449
493.22848
483.16886999999997
404.24235
442.25398
491.20499
484.23938999999996
297.13246000000004
257.13755000000003
487.25767999999994
472.17063999999993
498.28153
489.25873
471.17876
366.12878
388.18928000000005
486.17102
391.09842
329.16991
413.15465
432.14271
441.22234000000003
459.25154
419.18047
420.11373000000003
259.11682
371.16923999999995
344.14845
477.26995
483.26661
472.2178
473.23866000000004
407.09334
445.16310999999996
497.26381000000003
487.19616
429.2012
291.1219
367.19678999999996
258.09641
314.17025
473.13939
439.21792000000005
486.18227
407.1845
464.18821
461.22742000000005
436.15941
450.13955
477.11656
459.24816
483.20774
481.22847
496.26454
454.26521
273.09608
484.22816
289.10963000000004
462.19707000000005
495.24815
202.07760000000002
476.12131
463.20669000000004
244.06953
458.20599000000004
476.23832
421.20736
405.11406
430.25398
355.16443000000004
460.22816
426.25906
483.17137
343.18557
464.23831000000007
468.20088000000004
461.15803
473.16925000000003
380.14443
423.15022999999997
360.18313
443.22023
398.15900999999997
422.1987700000001
455.23799
494.22373000000005
440.18419000000006
497.21217
475.17368
392.20597
430.20768999999996
449.14028
492.20808000000005
462.17844
436.18187
416.13657
434.14374999999995
242.10151000000002
474.22267999999997
458.26013
270.14403
497.26718000000005
413.22742
390.17507
327.15425999999997
436.21826
456.27364
376.14166000000006
284.15968
470.2488900000001
414.13867
497.18701999999996
434.10422
483.24414
496.25802
479.21283000000005
271.1532
372.19435999999996
360.12561
452.23833
466.25396
434.26414
389.15467000000007
403.13392
447.25939000000005
441.25872
380.24234
488.20530999999994
447.21178
399.15022999999997
476.22709000000003
275.12699
497.15804
128.05857
358.18523000000005
487.16627
457.16312000000005
339.15425
398.19539
454.18524
446.15838
473.19103999999993
464.15904000000006
450.2590600000001
469.23250999999993
432.17911
477.2448100000001
327.16549
481.16312000000005
442.25397
243.08551999999997
378.19032
497.14028
453.16081
488.28594
462.13552000000004
425.22743
446.18352
327.14303
478.26519999999994
440.29718
415.16781000000003
384.17573
469.13797
382.22160999999994
499.22130000000004
444.16787
442.16997
344.15183
481.15572
339.17940999999996
486.18628
473.16925999999995
471.2077499999999
439.16378999999995
225.14772
456.17170999999996
425.2096700000001
492.24064
321.08171000000004
469.26487999999995
470.22373999999996
487.19613999999996
431.25324
382.16008
436.21825
399.24816000000004
440.18419
439.24307
301.16377
228.09325
409.24374
427.24308
395.18048000000005
428.16554999999994
144.05349
395.15532
454.22882
347.14811
494.1076
489.29509999999993
497.187
456.22335
475.20669999999996
442.22161000000006
284.14845
412.20701999999994
396.16449000000006
496.22815
470.17612
386.14376000000004
484.27578
484.26453000000004
398.22775
496.19579
476.20195000000007
498.22268
498.25504000000006
487.22128999999995
494.22775
496.2645299999999
420.20088
430.20047999999997
464.20596
488.21718999999996
387.21178
477.20122
491.25662
497.17667
364.08752000000004
325.14601000000005
380.08244
468.16047
450.12430000000006
407.21686
490.26521
382.14233
408.16450000000003
450.23793
213.12257
488.21656
338.13387
472.17062999999996
489.2951099999999
464.22441000000003
498.24379999999996
363.12866
363.09227
422.19138
414.16517
412.17804000000007
372.20088000000004
284.18483
321.18008
462.2267
430.19983
498.28018000000003
498.26626999999996
426.2339
424.13424999999995
489.18999
499.26421000000005
459.23424
486.25905
128.05858
443.25324
473.16927
399.20187999999996
469.19211
491.21283000000005
413.20226999999994
436.17804
365.16990999999996
418.18523000000005
484.28317000000004
403.18894
397.21137999999996
404.24234
390.13617999999997
485.23465000000004
445.21726000000007
456.20808999999997
271.15319999999997
438.24781999999993
435.24816
170.10551999999998
471.21178000000003
421.21858999999995
415.14916999999997
344.18821
416.15432
466.17085
414.13216000000006
358.11244999999997
461.15803000000005
493.23588000000007
489.2699600000001
412.21827
474.20743000000004
481.14536
454.29035999999996
494.2488800000001
410.15499
412.03676
331.13928
413.19103999999993
402.19031
428.20596000000006
448.17065
487.22532
441.30634
463.18557000000004
365.1699
449.23865
430.1812
213.11133
454.18121
454.22161
485.24855
448.17063
316.12053000000003
473.17579000000006
488.13906
498.21865
400.13426
469.2900199999999
471.2263900000001
479.15085
396.13934
499.2100700000001
398.19138
486.21866
417.2012
426.24514
498.18967000000004
413.1659
440.31109000000004
453.2045800000001
301.09099000000003
436.21104
486.25906
418.12708000000003
217.05211
476.16894
414.17505000000006
416.19204
365.15869
484.20297999999997
379.1604
373.14199
448.1594
346.14885000000004
131.04049
414.17504999999994
428.24234
382.20047999999997
467.24920999999995
495.19
490.17335
402.14992
469.26888999999994
445.14448
475.24307999999996
477.13518999999997
468.30333
475.22194
437.20227
415.13392
425.17329000000007
432.13148
455.22024
202.05897
388.17466
464.23832000000004
456.11374
466.13447
464.19070999999997
450.22267
413.22743
402.14991000000003
137.05891
426.22268
429.24096999999995
457.19951000000003
481.23588000000007
447.1974
460.24679000000003
436.1958
469.30125999999996
487.22915
487.22782
356.14441
417.16483000000005
325.16376
410.19137
446.16577
425.14431
333.09946
466.22882
422.19136000000003
333.13246
454.20634999999993
449.20228
473.22091
497.27100999999993
387.23041
386.16239
474.20742000000007
428.20194
476.23831000000007
324.19097999999997
455.24922000000004
414.22267999999997
478.14821000000006
482.18736
320.0613
471.17877
473.17579
496.19265000000007
462.22267
427.20669000000004
356.16956999999996
479.16522
437.18114
379.19678999999996
431.14747000000006
470.20599000000004
275.12698
472.26453999999995
317.13755000000003
464.16958
426.20154
485.24856
498.1243
432.16047000000003
438.22266
379.13795
471.2329
397.20736000000005
372.17975
224.09094
374.14126
384.28487999999993
486.17843000000005
430.15222
451.27946
401.15466
330.15393000000006
354.13617
433.14449
493.29002
494.19475
488.20532
206.01838
473.20565999999997
465.19718
449.17667
440.24956
414.22267
355.18555
474.18629999999996
472.16278
480.23323
465.16821000000004
452.2019400000001
243.10076999999998
483.20776000000006
496.22163
443.21284
481.23970999999995
376.13827
452.1478000000001
238.10658999999998
463.1703
491.2016
484.1958
471.18661
395.11511
449.22742000000005
480.17170999999996
449.20228000000003
476.20193
456.19683999999995
353.15216
271.11681
471.28053
423.21177
409.20736
318.1328
470.1947600000001
497.16926
483.3168999999999
483.25537
418.17131
459.15360999999996
398.25290999999993
483.21177
440.27470999999997
430.25798999999995
497.22341
456.1968499999999
492.10970999999995
431.22810000000004
494.25291
446.21251
488.15117999999995
427.2067
128.09496
468.16788
422.19878
495.20776000000006
419.14747000000006
350.17024000000004
276.111
499.22915
341.19506
439.16378
425.17731000000003
158.06914
369.14708
445.13795
426.10317000000003
343.13793999999996
442.23285
455.21685
428.2172
456.18562
430.23622
499.23905
431.18047
444.17911000000004
305.06816000000003
481.21074
468.31723999999997
442.21758
430.21760000000006
499.24645000000004
445.23250999999993
293.14878
456.17168999999996
469.05822
457.15572999999995
480.13620000000003
347.19573
493.21074000000004
408.07735
464.13995
463.11954000000003
376.14166
355.21070999999995
490.13695999999993
484.2281499999999
420.15012
384.20088
453.29510000000005
259.09907
464.15432000000004
491.22024000000005
472.22816
449.27504
498.21864
450.29544
496.18142
357.16484
424.14166
488.22709
434.16577
473.22742000000005
490.18459000000007
458.24890000000005
232.05178
483.28454
474.24381
385.15975000000003
266.07252
488.24956
388.15691000000004
451.25431000000003
428.17295
234.04968000000002
447.1246300000001
467.21285
456.26962000000003
473.15803
477.18934
424.09090000000003
343.12019
332.07905
305.10455
432.20087
461.19442000000004
421.2325000000001
485.26381000000003
416.13319
443.18386
482.21249
473.22341000000006
401.18452
484.22164
338.19539
498.20741
463.20669
229.06986999999998
434.22776000000005
461.14028
298.17533000000003
437.20628999999997
496.18524
474.24781999999993
487.1914300000001
480.2696199999999
442.24274
367.14918
458.14062000000007
493.22847
497.33255999999994
445.14449
412.20700999999997
480.18563
296.14845
228.08586
383.19573
476.17295
363.22703
415.18893
487.24645
485.2121599999999
461.26380000000006
228.111
356.18080999999995
448.24341000000004
472.27578
388.16074000000003
487.24307999999996
419.14747
399.19064000000003
291.15828
479.16861000000006
312.17974000000004
485.24267999999995
441.29510999999997
458.21989999999994
461.20629999999994
288.10699
258.09642
380.06468
491.18386000000004
427.21792000000005
465.21244
359.19911
444.25186999999994
490.14819
480.16787000000005
439.22194
441.14306000000005
487.19615
444.17909999999995
335.11172999999997
299.11173
439.20668
359.14410000000004
498.16452
492.18562000000003
480.24447000000004
382.16007
399.17539
387.18663000000004
341.12229
454.21760000000006
387.19403
475.17369
443.14746
453.08106000000004
481.25362999999993
400.17804
475.24307000000005
417.17944
172.08479
487.27544
479.23798
356.18082
495.17136000000005
443.14747
334.12772
303.12528000000003
491.20160999999996
428.20195
490.1812
469.31249
194.10552
489.23357
356.13319
486.22268
454.18119
445.18219999999997
420.16450000000003
490.2903500000001
0
459.27063
460.19917
462.19369
428.16556
491.22275
376.15942
388.14166
396.21209999999996
385.15974000000006
265.15387
375.15427
341.21753
482.22373000000005
455.32199
472.21039999999994
475.26555
416.16557
428.20194000000004
498.22988
482.17611999999997
489.26996
495.26929000000007
472.19579000000004
465.22235
479.18385000000006
460.17402000000004
451.1018
465.19719
332.14845
499.20354999999995
452.26347
355.18556
499.06879000000004
460.13761999999997
480.20426000000003
476.13255
430.18122
491.2604600000001
491.29684
490.25398
420.20088000000004
489.24481
463.25429999999994
499.25430000000006
355.18555000000003
430.18122000000005
471.24415
455.24923
378.19031
499.22781
491.16207999999995
394.25798999999995
493.2761100000001
460.13762999999994
471.28051999999997
423.25939000000005
480.16787
285.10732
495.21177
413.22742000000005
114.04293
449.1402800000001
444.22672
497.30740000000003
486.27028999999993
495.19000000000005
402.15731000000005
489.19719999999995
473.20565
499.2754299999999
490.2427399999999
421.14198
344.09681
459.17138000000006
418.18861000000004
470.17611000000005
375.16504
452.22056999999995
387.15763000000004
497.18452
482.29651
443.21685
499.26419999999996
441.19719000000003
288.10698
460.19579
484.24341000000004
242.12664999999998
485.23866
386.15499
486.22605999999996
490.16346000000004
322.17533
493.2172500000001
490.22499000000005
399.17539000000005
461.17666999999994
317.10454000000004
486.17103
459.16013
434.18013999999994
487.13729
403.15256
412.24341000000004
331.09505
443.23146999999994
315.10663999999997
451.22916
465.23357999999996
485.27101999999996
496.23217999999997
283.18958
465.1682
381.18008
456.17168
497.24855
460.17804000000007
402.13955
484.19176000000004
498.25503000000003
488.27809
382.16747
496.28701000000007
471.26929000000007
423.25938999999994
473.26379999999995
478.24005
490.25397999999996
411.21178000000003
142.07422
424.24339999999995
404.21720000000005
356.15182000000004
472.1917700000001
434.19137
421.20735
480.24448
447.21177000000006
499.14853
421.21860000000004
449.2274200000001
483.19402
370.19644999999997
376.12390000000005
499.2543099999999
438.22267999999997
498.25905
375.12125000000003
435.15764
481.15571
483.2441299999999
444.16047
460.13764
368.25357999999994
486.21866000000006
495.19653000000005
398.13724
362.14464
485.25978
437.19102999999996
465.21582
393.13584000000003
349.14264000000003
477.22234
461.17665999999997
359.12634
447.16101000000003
443.18048
451.19679999999994
441.23357999999996
417.18345999999997
486.3205899999999
492.24064000000004
359.14811
498.20741999999996
486.29882
491.1686
431.12884
365.10454000000004
383.21686000000005
453.23358
461.15803999999997
496.23218
336.17974000000004
399.18662
400.15941000000004
486.24782000000005
499.25431
447.19064000000003
413.15869000000004
441.20120999999995
428.21718999999996
499.22916
488.18419000000006
215.0906
402.17639999999994
368.16306
433.18088000000006
435.16015000000004
489.22232999999994
252.08585
468.2696199999999
495.24413000000004
438.20492
326.15902
475.13729
492.26961000000006
485.26381
441.19718
405.17606
482.16577000000007
492.24446
486.15327
467.17646
443.17646
493.25363000000004
463.1736900000001
479.23799
487.20268000000004
438.12092
463.18152999999995
251.12698
402.13867
498.19369000000006
492.20425
445.19613
487.18492000000003
399.19065
253.14263
329.13352
412.1594
484.23940000000005
475.20354999999995
482.24888000000004
457.23249999999996
480.2332400000001
489.22235
388.18589
371.15935
487.20355000000006
497.2849299999999
474.16853000000003
432.23726
446.26414
367.15319999999997
478.16344000000004
456.17909
445.19949999999994
479.21282999999994
488.23831999999993
475.27946
364.12052
489.1893299999999
411.28454
471.28052
331.12019
475.24307
232.08817
487.24307000000005
424.20051
357.16483000000005
456.2332399999999
465.11744999999996
350.18147999999997
379.22194
356.16957
492.14610000000005
470.21652000000006
469.27611
398.1623900000001
432.20426
190.04122
400.09875
478.22499000000005
473.20966999999996
497.25979
475.19232
381.24883
332.14844
411.17673
298.16409
340.13827000000003
452.13657
470.22373
463.15594000000004
97.05276
456.14272
423.21177000000006
376.18589
314.15902000000006
431.22808999999995
492.25570000000005
462.1429300000001
468.29209000000003
413.16589
320.06131
469.23587999999995
456.25187000000005
438.24782000000005
445.21726
370.16747
499.32306
469.2325000000001
456.14272000000005
448.21105
461.23865
474.18968000000007
305.13755
473.1394
499.28668
487.26421000000005
447.24816
372.14336
405.15831000000003
494.22375
473.22743
301.14601
497.20565000000005
269.18516999999997
285.14369999999997
488.18418999999994
402.13867000000005
482.24888
473.26381000000003
259.08043
488.24171
303.08889
314.12263
479.13309000000004
486.15328
489.22572
489.19717
438.17505000000006
472.20301
490.18860000000006
465.26995999999997
452.17678
489.23696000000007
435.22299999999996
346.10996
413.16587
391.15658
440.20195000000007
356.16958
493.25365
426.21144
465.17944
472.24677999999994
395.1515
370.16409999999996
473.19507000000004
154.07422
488.16894
184.12117
471.24413
496.20301
428.18081
314.15902
429.20121000000006
372.13934
257.14879
416.16555
352.1859
450.18629000000004
416.20934000000005
339.13651000000004
424.21825
444.19032999999996
387.13901
496.203
370.16006999999996
385.17499
351.15828
324.17974000000004
493.21727000000004
442.16345
293.05041
375.13902
357.16885
463.26554
471.21900000000005
465.29509999999993
431.16522
465.24481000000003
316.12052
497.29616999999996
458.19475
460.21442
469.23588000000007
449.26380000000006
490.20235
410.25291
449.20227000000006
484.14504000000005
387.13901000000004
240.06810000000002
465.29510000000005
493.21726
418.18523
468.29476999999997
409.19613000000004
441.22233000000006
444.26963
487.18493
283.15319999999997
297.11471000000006
497.28225
416.20596
489.22234000000003
453.22234000000003
423.28454
455.25662
322.1641
435.19402
490.1742300000001
371.18047
324.21613
455.21282999999994
492.20809
311.22087999999997
417.18597000000005
384.21210999999994
457.16310999999996
343.14916999999997
408.14674
440.26079
398.19136
457.1453600000001
457.19212000000005
446.12197999999995
314.19539999999995
447.22299999999996
382.16006000000004
492.21547999999996
308.1233
487.16628
255.16952
485.23463
463.18557
445.23249999999996
454.25398000000007
436.14165
481.14536999999996
448.11987999999997
485.18701
482.19475
427.18894
420.21212
378.06678
401.19104
449.14029000000005
460.23217
351.12528000000003
472.17064
478.20768999999996
374.10737
444.14922999999993
356.14443
419.18049
471.15362000000005
300.17975
497.25976999999995
413.21753
340.21104
481.26888999999994
476.16893000000005
437.12253
474.15327
464.21317999999997
481.22848999999997
469.22846999999996
483.19
429.13181
485.18700999999993
329.10454000000004
467.2379900000001
471.25154
424.05451
362.15902
435.22301000000004
299.14811
342.16918
387.17539999999997
489.20056000000005
458.18352000000004
472.23555
475.21007
436.15941000000004
482.14714000000004
429.13181999999995
441.23357
411.22301000000004
431.21686
459.23291
412.17065
476.26348
423.15023999999994
459.16014
382.22161000000006
406.16747999999995
487.18894
401.20629999999994
427.22532
474.18966
396.20087
488.15029
345.20523000000003
442.19244
443.16520999999995
447.19065
497.19105
392.1332
469.19210000000004
491.24922
497.27101
350.19539
302.10487
485.2485499999999
490.18458
488.20194
341.17393000000004
481.2471200000001
368.18081000000006
369.22368
412.27978999999993
420.18312000000003
468.23323000000005
436.17804000000007
491.14747
462.2226700000001
468.1968499999999
325.12086
129.04259
397.23249999999996
417.1682
499.25429999999994
455.20160000000004
289.07324
465.23357
495.17877
495.26276999999993
420.24848999999995
386.18013999999994
431.19509
433.15972999999997
371.12634
308.14844000000005
458.20127
497.27103
442.18121
384.17975
430.10932
409.16376
392.15183
389.10051
468.1790900000001
399.15426
415.20669000000004
263.03984
422.16623000000004
438.23391000000004
469.22848
334.09471
410.18014000000005
282.16918
466.29035999999996
396.23726
487.17368
485.21217000000007
256.11715
434.18014000000005
442.19983
483.25153
366.22668999999996
490.14820000000003
300.14336000000003
71.03711
432.21211000000005
499.21791999999994
480.1717
437.21351
360.14675
313.21137999999996
497.22339
431.12972
485.20227000000006
393.23759000000007
387.21178000000003
494.22373999999996
245.10117000000002
458.1583600000001
226.09535
388.15941
468.28085
442.18120999999996
440.23832000000004
475.15255
417.14957000000004
487.24645000000004
468.15395
466.16998
471.20773999999994
393.21245
487.18556
475.2213100000001
433.12674
470.28929000000005
473.2308
478.17469000000006
486.26243999999997
477.15295000000003
369.16483
147.06841
413.2638099999999
481.26486
404.13657000000006
487.20267
244.12117
494.22372999999993
483.20775000000003
474.19751999999994
446.15837000000005
409.17098000000004
473.19440999999995
418.22160999999994
376.21105
399.15022
469.24374
460.27978999999993
412.26856
451.1815399999999
477.1893400000001
494.15836
430.22498999999993
478.15560000000005
466.10146
422.14376
472.18053
495.19651
462.15328000000005
483.19000000000005
484.21039999999994
496.24339999999995
372.17573000000004
487.31584
460.21041
484.30092
358.14883999999995
427.18155
425.26381000000003
374.14376
392.21718999999996
463.24308
211.09569
436.12728000000004
429.18595999999997
489.20842000000005
418.23285
441.20843
434.21653
462.2083
367.11279
390.13868
487.19144000000006
493.24712
436.20702000000006
451.27945
426.18628
479.11446
497.21217000000007
436.18186000000003
430.1852200000001
457.22848
478.16997000000003
489.20056999999997
475.19277000000005
315.14302999999995
456.23325000000006
484.18053
465.15296000000006
314.10488
457.21074
478.18121
487.20267000000007
323.14811
425.14814
418.09808
496.23939000000007
362.15900999999997
438.16854
318.13279
385.17097
394.1852200000001
492.26962000000003
431.18385000000006
441.20458999999994
486.20741999999996
437.16589
463.18556
436.22227999999996
436.2434099999999
497.25980000000004
482.28526
445.20736
410.19138
483.26928999999996
266.1015
351.14304000000004
448.12640000000005
477.19718
443.22810000000004
395.22809000000007
477.18595999999997
415.17030000000005
460.24339999999995
362.20663
431.20161
468.26960999999994
489.15294
482.13973
400.13424999999995
386.18014
398.20262
363.17942
433.12673
397.15973999999994
440.1907
488.18669000000006
345.08082
446.16489
453.1972
318.09979
428.21317
498.16451
473.18703000000005
444.16787000000005
496.3009199999999
497.32132
404.11544000000004
462.1573000000001
495.28052
446.16238999999996
342.12877
327.15426
459.15362
399.15024
456.26962
487.19232
366.16516
460.1740300000001
487.21006
411.21178
497.33254999999997
453.23357999999996
348.14337
461.12164999999993
485.16927
399.23425000000003
321.13247
311.1845
389.20629999999994
489.19719
484.31216
376.1859
385.15974
381.21244
497.20228
321.1437
441.20457999999996
453.3314899999999
482.21384
476.24956
470.21248999999995
464.28594
469.19950000000006
270.13279
449.15465
494.20128
461.17328
390.15392999999995
486.2438
443.17647
490.21758
493.22850000000005
354.19030999999995
486.2736699999999
462.19707
399.24816
496.22813999999994
357.20861
474.23391000000004
286.12772
464.24234
312.14337
490.16345
492.13486
469.21137999999996
442.21760000000006
497.15151000000003
485.17578
230.09026999999998
471.26276999999993
475.25430000000006
448.17064
416.16556
496.27978999999993
419.18048
414.19369000000006
467.28560000000004
409.23250999999993
486.17103999999995
495.35329
371.19171
432.17571999999996
394.08033
444.20809
424.23217
375.11001999999996
487.27945
461.12163999999996
442.25398000000007
471.20775
483.20776
472.18926999999996
442.16997000000003
490.26520000000005
437.20227000000006
482.23113
470.21250999999995
456.22334
477.20797
475.27946000000003
486.22267999999997
349.21137999999996
444.23324
485.21217
402.17256
420.16449
357.12845
465.26996
443.17647000000005
432.21210999999994
495.29176000000007
496.24678000000006
440.20194000000004
462.13552999999996
470.32165999999995
435.18662
388.11651
497.2234000000001
313.1386
365.14475
492.19686
389.14476
378.23793
467.31075999999996
446.12197
486.28019000000006
443.17645
314.15901
419.18048000000005
436.24341000000004
497.20565
460.17401000000007
469.26487
492.18562
426.22265999999996
274.07357
348.15459999999996
470.23113
499.21391000000006
324.17975
358.14885000000004
390.15731
436.30494
469.18085999999994
456.21547999999996
440.23833
416.13657000000006
498.30266000000006
459.21177000000006
378.20154
465.13520000000005
442.26520999999997
466.21758
387.15427
471.24815
385.19613000000004
453.22232999999994
390.12092
476.18670000000003
476.22308000000004
489.1529499999999
483.2666
364.18589
441.18595000000005
398.26414
484.23938000000004
415.2067
482.28526999999997
497.08952
399.15764
469.2536400000001
484.2434099999999
343.07729
470.18735
457.23251000000005
312.17974
441.24097000000006
472.09090000000003
495.20775
494.26414
370.22161
428.23831999999993
460.14415
469.17435
443.20160000000004
417.21245
303.15828
449.15152
417.22235
493.23250999999993
391.17433
272.11207
495.24411999999995
493.18086999999997
389.19506
471.13586999999995
282.1328
214.09535
422.16621999999995
299.18449999999996
429.13585
498.29544
392.09769
463.27945
428.16555
445.26888999999994
499.21389
315.15828
357.16483
460.21826
385.20736
494.29650000000004
441.25873
160.03065
412.1165
417.14957
428.23833
357.16482
467.19508999999994
451.10179
370.19647
218.07252
431.238
374.14376000000004
406.25798999999995
444.23726000000005
492.26960999999994
446.18014
468.1501200000001
461.24989000000005
427.1703
444.19685
497.21689000000003
234.11167
341.16991
436.14504000000005
427.25833
455.24920999999995
490.27913
484.25464
419.19169999999997
429.1859600000001
455.22023
365.15216
473.22341
387.15763
389.17329
489.2223399999999
305.13755000000003
486.26243
313.14601000000005
87.03203
439.27946
443.20160999999996
439.21072
462.29544
477.18282000000005
481.2900200000001
402.15729999999996
442.20635000000004
435.23424
497.24204
417.16821
391.11618000000004
488.24170000000004
486.20741
482.16959999999995
444.23726
328.14951
488.20531000000005
455.27437
427.20668
428.20596
462.10565999999994
374.17363000000006
317.17393000000004
452.23830999999996
356.14441999999997
386.14375
467.20632
462.19750999999997
285.1073
346.13109000000003
493.25364
472.20702000000006
487.29407000000003
436.20701999999994
484.21041
417.21244
451.15255
213.11133999999998
492.23325
458.13973999999996
430.16344
394.17533000000003
468.19686
400.21442
497.29616
486.22604
260.11609
471.20777000000004
315.08889
414.18629
415.18555000000003
439.20016999999996
342.19032
482.24889
486.23729000000003
353.20630000000006
398.19876999999997
444.18562000000003
494.13275999999996
449.14027999999996
496.31216000000006
331.18958
418.18209
398.19136000000003
400.20702
328.17467
312.20222
485.17578000000003
373.14198
325.13860999999997
467.21282999999994
466.29035
323.12296000000003
464.22709999999995
476.1907
432.16787
57.02146
390.19032000000004
426.19369000000006
489.29511
402.22668999999996
472.15536999999995
385.20737
474.25905
440.2747099999999
498.25505
492.15395
484.22815
346.09470999999996
432.21613
484.24341
392.18081
496.19177
438.27029000000005
402.15392999999995
386.19137
417.16821000000004
478.25397
404.15520000000004
312.17975
498.22986999999995
420.1501200000001
466.21759
479.18385
408.17573000000004
299.12295
430.13358000000005
398.25291000000004
447.17878
485.3035699999999
401.20966999999996
340.17466
456.28085999999996
484.203
481.2172500000001
399.21178000000003
418.19646
341.16992000000005
372.1281
491.18724
431.21685
457.21725
413.15466
479.1950800000001
345.12844
484.27576
498.22267999999997
440.06806000000006
439.25431000000003
496.22814000000005
481.23973
440.20194
414.23006999999996
484.2103900000001
473.23079999999993
460.18054
489.15045
499.17368000000005
437.10390000000007
495.10938000000004
411.19065
388.15288999999996
486.25504000000006
410.12601
484.31215999999995
436.20700999999997
433.15659999999997
300.12223
185.08004
415.15256000000005
491.16610000000003
483.24411999999995
443.20161
495.1457700000001
439.24308
460.15538000000004
467.2240800000001
353.1699
459.21178000000003
406.15223000000003
483.2329000000001
412.24339999999995
372.12811
449.17328999999995
481.25363000000004
236.12732
412.19579
454.2791199999999
347.13036
497.31863999999996
441.22234
374.23177999999996
441.20459000000005
257.11642
499.25028
389.10051999999996
492.17911000000004
490.23873000000003
481.26488000000006
390.20155
409.19612000000006
354.20155
413.19105
479.22024
470.2125
466.1812
480.30600000000004
499.21006
344.15182000000004
476.15770000000003
469.20736
441.25872000000004
486.20742000000007
430.22161
449.14029
372.21613
458.21251000000007
459.1974
457.15572
170.10552
427.21793
429.16481999999996
486.24852
496.26453
469.25362999999993
297.16885
419.16610000000003
398.23177999999996
468.15396
470.23898999999994
459.24815
484.19176
349.13860999999997
372.17974000000004
482.24888999999996
489.15294000000006
475.22783000000004
450.14293
412.22227999999996
490.18459
359.18048
487.22781999999995
498.28019
466.19245
463.2430700000001
430.18120000000005
471.28792
265.11749
474.17843000000005
423.17539
458.22374
486.22267
408.18696
454.25397000000004
470.22372999999993
472.22163
349.11301000000003
499.19142999999997
464.2271
394.1311
462.14205
472.22164
447.16014000000007
461.19103999999993
486.20742
481.18088000000006
497.25978
483.26928
355.22195
471.17135999999994
475.21792
429.19719000000003
349.12738
448.17466
466.26521
383.14409
442.20769000000007
489.28119000000004
472.11987999999997
407.09333000000004
424.20700999999997
408.20087
440.24572
410.26414
406.23284
469.17436
374.16238999999996
446.12850000000003
472.23940000000005
358.16008000000005
421.23249999999996
497.19441000000006
471.22300999999993
374.13724
388.1958
351.12528
343.19295999999997
283.11681
329.14093
464.23830999999996
470.18733999999995
499.15504
357.16482999999994
417.19720000000007
489.23758999999995
406.14885000000004
393.20523000000003
356.18483000000003
470.20663
489.19718
419.21685
354.15391999999997
298.20047999999997
491.18636000000004
445.17837999999995
403.13143
426.14991000000003
496.26453000000004
473.21218000000005
449.17580000000004
433.20736
337.13860999999997
333.11809000000005
460.21040999999997
487.2212999999999
414.14991
291.13313
465.17943
457.19950000000006
454.21759000000003
369.21244
434.22776
391.17432999999994
479.14746
465.23358
473.17578000000003
457.17837
457.2285
453.22233000000006
373.17837
384.17571
423.17940999999996
489.2587199999999
418.13109
444.19034
375.16166
455.25324
499.27945
399.15763000000004
440.27469999999994
474.20742
244.12455
355.14917
391.14917
485.18701999999996
397.15974000000006
433.19611999999995
425.19104000000004
459.19065
453.2587199999999
412.23218
467.31075
460.14503
489.18195000000003
277.07325000000003
482.16577
419.21686
414.14988999999997
457.19210000000004
424.17466
489.20843
429.18596
423.17538
479.24922000000004
340.1859
371.14408
414.25906
416.20194000000004
488.18668
362.08962
391.14918
497.2750400000001
475.1550500000001
385.23251000000005
407.22087999999997
391.14919
421.15974
440.16556
469.22849
399.15024999999997
412.19579000000004
442.18119
485.16925000000003
460.14414999999997
378.17256
427.20016999999996
468.20088
476.20934000000005
492.25571
371.18046999999996
441.2223399999999
362.10826
418.17085
492.31723999999997
317.10454
460.23217999999997
342.12878
465.2045800000001
492.27364
345.11068
477.19719
447.16102
428.21318
484.27978999999993
482.22777
413.20629999999994
401.11825999999996
390.19032
396.21613
453.2223400000001
452.27469999999994
485.33255999999994
279.13313
426.28421000000003
422.19138000000004
382.14232000000004
426.14741000000004
356.18821
260.15247
400.21105
472.26856
426.16854
348.15459
484.20703000000003
476.22709
478.1556
497.23080000000004
446.25290999999993
468.23323
297.20523000000003
461.17579
473.17329000000007
498.31657
345.13584000000003
473.20629999999994
334.12771
319.08381
411.17539
452.15520000000004
446.21653000000003
417.13182
496.2103900000001
483.09163000000007
488.1907
430.13358
268.11715000000004
448.18142
447.21178000000003
476.16242
481.3263999999999
499.20265
374.16239
485.21216000000004
330.11753999999996
440.16554999999994
342.15393
414.15729999999996
486.21864999999997
499.1784
405.18998
476.15117999999995
483.15362000000005
287.14812
375.15764
467.21284
467.19507999999996
476.17633
460.15288999999996
435.08824999999996
461.2056600000001
485.16927000000004
431.14746
472.23287
463.25431000000003
498.2438
416.18821
439.17433
493.19951000000003
463.15256
370.20047999999997
496.30090999999993
490.20636
477.20458999999994
479.24922
466.25397000000004
470.177
451.17031000000003
364.22227999999996
470.16488000000004
436.10865000000007
384.21212
467.34713999999997
397.11301000000003
426.1863
385.21137999999996
438.20154
473.27504
493.22848999999997
359.15148999999997
369.20121
492.17909999999995
450.22668999999996
367.18555000000003
400.14165
366.23793
462.17104000000006
459.16101000000003
432.11373000000003
305.08679
464.1148
433.15973999999994
486.26628000000005
478.18122
455.21285
422.20260999999994
471.24413999999996
380.20596
455.31075999999996
456.22335000000004
299.15934
373.15975000000003
404.10018
480.29209000000003
472.23939000000007
464.15858000000003
475.21792000000005
486.23728000000006
485.22339
470.21249
493.14874
422.16621
496.22816000000006
475.17368999999997
363.12528000000003
428.18082000000004
487.20669
416.14781000000005
446.20261000000005
242.13788
336.15459
478.27644
492.2808500000001
326.12666
429.14956
480.18313
486.25504
342.15393000000006
333.16885
479.20162000000005
469.25364
365.14093
486.18966000000006
498.17102
359.09646999999995
477.2071
453.19719
425.30019000000004
474.2842099999999
361.16376
245.08342
494.15838
482.16958999999997
329.15868
428.20934000000005
459.1965200000001
457.2358899999999
497.1870200000001
371.19572999999997
384.1281
342.12879
457.2172499999999
464.16555000000005
450.13867
358.11245999999994
488.16891999999996
499.18490999999995
489.16819999999996
309.10731
316.1019
461.1394
405.11407
262.13174000000004
470.2376499999999
431.26447999999993
493.20334
412.20702
471.20774000000006
462.23006999999996
456.1865
440.11882
454.25397
471.1965200000001
498.20742
494.26013
384.1943600000001
471.21178
488.23431000000005
490.29036
473.24203
472.24341000000004
407.22808999999995
313.12738
427.24307999999996
357.2376
243.12189999999998
412.21826000000004
487.25769
470.12198
449.15466
389.20628999999997
433.16313
496.13066000000003
274.11782
370.22160999999994
241.14264
491.21284
494.20260999999994
496.31215999999995
467.2016
285.13246000000004
467.19170999999994
479.1322200000001
423.22301
495.25536999999997
243.08552
470.23900000000003
480.13148
432.14924
333.14772
499.30059000000006
397.19611999999995
335.06097
373.16376
472.15537
426.23006999999996
454.22162
491.18386
353.13353
376.17467
415.15255
396.19435999999996
493.26487
492.16386000000006
309.20523000000003
484.17402000000004
417.14958
457.19611999999995
469.17436000000004
429.14957000000004
489.24348
478.18859999999995
422.18015
467.27437000000003
408.17571999999996
455.2128400000001
479.32199
441.29511
493.19951
417.16819999999996
479.28561
346.0947
405.20121000000006
445.14448000000004
458.20261
442.18859999999995
462.21144000000004
424.18589999999995
464.13995000000006
368.16957
488.22308
308.14845
431.16272000000004
333.13246000000004
225.11133
491.238
449.26379999999995
427.17434000000003
469.29002
424.30494
360.12811
480.19684000000007
401.22743
446.15836
491.1686000000001
474.15329
444.14923
495.14239
438.25905
419.22808999999995
483.2151500000001
445.13797
411.15764
468.21549000000005
355.25833
487.2543100000001
385.24375
405.13182
392.24234
400.17065
384.20087
411.21177
394.09809
491.27437000000003
451.21792999999997
469.23973
303.16952000000003
415.18154000000004
451.22916000000004
455.21281999999997
442.22882
426.17505000000006
469.23971
444.19687000000005
442.18118999999996
331.15657999999996
406.20385999999996
475.29069000000004
431.1587
406.19646
468.26963
478.24275
335.19573
337.12739
253.15387
396.15797999999995
462.19753000000003
339.19065
457.18086
406.16409999999996
375.15425
419.25324
444.19685000000004
477.26995999999997
496.18142000000006
443.21283
422.16238999999996
435.15763000000004
454.21758000000005
453.19066999999995
423.21178000000003
422.21651999999995
495.2329000000001
483.29175
413.2499
381.21245
472.1553799999999
498.23728000000006
381.23758999999995
448.14503
499.20267
431.14747
457.1808699999999
261.09609
288.12561
455.26447999999993
499.28668000000005
493.19950000000006
469.21074
483.21515
462.18967000000004
442.22883
472.28317000000004
429.23358
487.18491
387.17539000000005
467.21281999999997
342.16516
389.15466000000004
428.1907
485.19104000000004
492.18248
353.08679
497.24988999999994
396.16921
490.19582
444.20810000000006
401.11827
427.22195
480.24447
385.17499999999995
432.20426000000003
335.14812
412.20703000000003
497.22339000000005
474.12341000000004
486.2511999999999
327.15425
473.19102999999996
442.25397000000004
497.1766600000001
483.25536
435.14239000000003
443.23799
405.14958000000007
428.15520000000004
461.12165
452.23832000000004
453.17944
472.21442
414.19030999999995
493.16310999999996
495.29175
493.11236
440.16959
404.16957
399.19402
476.20194000000004
442.14570000000003
487.19231
481.19951000000003
467.24922000000004
460.15289
456.09598000000005
432.18696000000006
360.14674
491.18723000000006
412.17063
402.16854
433.2325000000001
364.13829
399.18661999999995
484.3009199999999
489.15295000000003
449.23866
227.16337
373.14200000000005
383.26447999999993
493.2648700000001
465.12868
492.24447999999995
374.15901
469.19611999999995
476.1577
441.23358
428.14781000000005
482.2125
374.12601
476.20934
485.26717999999994
456.21549000000005
402.19369
481.22850000000005
418.15222000000006
488.22709000000003
441.18596
496.21039999999994
329.16992
411.21177000000006
455.26045
471.25153
485.26380000000006
479.2016100000001
427.21790999999996
434.12937999999997
402.13214
328.1859
491.20499000000007
312.19097999999997
495.31690000000003
409.23249999999996
423.2158
499.26554
484.20702000000006
343.17433
370.18523000000005
490.21759
403.13142
493.19949999999994
426.17504999999994
386.14126
415.21793
480.23726
425.28628000000003
435.21178
496.19918
391.13793999999996
488.20194000000004
472.15627000000006
409.14939000000004
435.08824
315.11788
396.05960000000005
475.20668
443.16521
323.12296
448.13764000000003
472.25802
404.15183
494.28526999999997
443.21283999999997
471.18663
439.18152999999995
407.20295
366.19031000000007
486.18629000000004
427.21791999999994
465.23357000000004
473.2135099999999
484.23938
482.21251000000007
428.20193
334.07695
256.11714
419.11109
258.08518
486.22605
481.18086000000005
448.19579
451.16378
369.27397999999994
466.19243
492.18988
383.18047
420.27364
415.20670000000007
487.23905
414.18628
329.13354000000004
412.29103
371.19172000000003
394.19646
364.19713
270.14404
355.18557
401.16990999999996
469.21725000000004
383.23933
483.23291000000006
188.07971
403.16040999999996
415.18556
484.26454000000007
426.24782000000005
497.28226
442.2176
284.19606999999996
494.26752
462.21145
461.19102999999996
401.16992000000005
403.2067
444.24849000000006
313.17499
457.18086000000005
435.21177000000006
489.17070000000007
341.20629999999994
492.1816100000001
421.12674000000004
495.12801
402.23793
459.17224999999996
456.1968600000001
495.1280100000001
296.18483000000003
328.13828
444.20087
488.24572
243.1219
498.3278
478.14820000000003
498.29142
443.2016100000001
301.09099
477.17159000000004
485.26719
302.12264
495.20776
484.19177
327.1655
269.13755000000003
400.19579000000004
378.13617
392.13658000000004
441.20121000000006
485.24856000000005
410.22775
390.17593999999997
446.21991
465.20459
461.15804
327.16166
423.17942
492.24448000000007
470.19137
466.21759000000003
483.28052
409.26889000000006
393.24883
307.06606
343.11278999999996
431.21285000000006
491.22024
428.20192999999995
491.28561
373.12335
452.27470000000005
218.03613
414.11440000000005
402.13216
352.17466
442.19243
483.28053
462.13553
480.24447999999995
483.20774000000006
498.28018999999995
467.17645999999996
442.18120000000005
469.22847
439.2066900000001
441.19719
185.11641999999998
482.16961000000003
243.08551
453.1608
314.12262999999996
365.14476
300.12224000000003
478.15222
328.17466
432.14674
455.19509
411.24816
499.16716999999994
212.0797
388.24743
171.06439
475.20669000000004
494.20261
497.30741
354.19031
406.1852200000001
364.21104
485.15151000000003
488.25946
317.14093
398.17024000000004
469.19209000000006
332.15183
338.23177999999996
358.16409999999996
490.1482
393.12147000000004
316.13828
373.19613000000004
479.21685
323.22087999999997
423.24815
239.12698
476.23832000000004
449.19105
445.23251
427.25431
473.21349999999995
433.16312
472.22814999999997
409.17097
461.17328999999995
313.16376
447.23424
282.13279
408.21211000000005
353.16990999999996
357.16481999999996
360.1645
490.16595
463.18893
371.14408999999995
497.14029
348.17974000000004
294.13682
373.18623
428.19071
420.17571999999996
473.18702
313.20015
493.23972000000003
478.22882000000004
450.20493000000005
471.24816
390.22669999999994
461.19443
472.15538
485.20565
481.32640000000004
490.16682
478.18861000000004
481.19613
454.27644000000004
497.19104
447.16014
467.17645
403.25833
371.12633000000005
483.25938999999994
403.18556
230.05388
470.24888000000004
347.14812
287.09398000000004
442.26923
448.16279000000003
485.23080000000004
387.20187999999996
448.21442
483.1965200000001
494.20259999999996
458.1648799999999
486.19752000000005
488.20533
229.06985999999998
452.17679000000004
384.18312000000003
422.12939000000006
489.20795999999996
425.26381
469.26486
498.23729000000003
499.21792
483.12463
466.15222
456.23324
357.13584000000003
459.15363
422.093
414.1499
466.20637
473.21216999999996
316.13176
394.13109
402.21145
472.17401000000007
494.28526
469.1631100000001
452.15433
438.1499
430.16997
460.15539
385.20736000000005
415.13391
396.17571
485.25978999999995
468.30601
476.21316
429.20457999999996
495.09162
328.13827
448.20701999999994
494.2125000000001
454.2175900000001
485.28494000000006
414.19752
446.19136000000003
480.3059999999999
464.22056999999995
384.17574
488.16892999999993
403.22194
355.1968
374.19539
487.15504999999996
384.21209999999996
485.25978000000003
291.15828999999997
497.27102
482.26012000000003
419.21687000000003
493.1995
498.20741000000004
277.05549
459.12374
392.16958000000005
456.23323999999997
335.13036
469.30125
461.1580400000001
466.25397
455.21283999999997
287.13036
466.19244
469.23589000000004
444.15797
437.26380000000006
446.25291
399.1754
462.16067999999996
464.2495600000001
285.11471
460.20703000000003
442.12707000000006
470.24889
430.20385999999996
406.14883999999995
446.20214999999996
444.13148
445.14537000000007
380.18081
482.30773999999997
402.21277999999995
494.14399000000003
490.17805999999996
408.27364
372.14674
488.19408
476.2131800000001
453.19720000000007
468.19683999999995
481.2900199999999
483.30566999999996
330.15394000000003
354.26307999999995
490.25798999999995
438.19031
390.20154
303.07114
471.19000000000005
434.11163
469.18087
467.23146999999994
414.17506000000003
498.25906
444.18312000000003
275.11174
492.23324
262.09535
426.18629
341.14878
459.19653000000005
494.21249
462.18629
489.20796000000007
433.14536999999996
372.14336000000003
478.2539700000001
457.19211
495.18661999999995
228.08584
485.2308
114.04292
442.16346000000004
481.23587999999995
251.10183
488.29985999999997
470.15837000000005
491.15085
454.20635000000004
456.20807999999994
490.16684
441.24481000000003
489.1707
346.20047999999997
459.22301000000004
481.24712
407.13286
471.20774
424.15289
440.13658000000004
430.22161000000006
467.2743700000001
444.19686
429.19719
467.28561
478.2288199999999
459.22639000000004
478.23284
484.17402
227.13822
431.16523
400.23218
357.15359
474.16854
430.14481
476.27470000000005
423.18663
386.18014000000005
498.26243
378.12093000000004
441.21582
385.23251
